-160.00000000 0.00000000 -0.00000000
-160.00000000 -5.00000000 -0.00000000
-159.84557850 0.00000000 7.02787559
-159.84557850 -5.00000000 7.02787559
-159.38261206 0.00000000 14.04218548
-159.38261206 -5.00000000 14.04218548
-158.61199434 0.00000000 21.02939019
-158.61199434 -5.00000000 21.02939019
-157.53521284 0.00000000 27.97600251
-157.53521284 -5.00000000 27.97600251
-156.15434603 0.00000000 34.86861364
-156.15434603 -5.00000000 34.86861364
-154.47205936 0.00000000 41.69391896
-154.47205936 -5.00000000 41.69391896
-152.49160009 0.00000000 48.43874382
-152.49160009 -5.00000000 48.43874382
-150.21679104 0.00000000 55.09006888
-150.21679104 -5.00000000 55.09006888
-147.65202321 0.00000000 61.63505530
-147.65202321 -5.00000000 61.63505530
-144.80224729 0.00000000 68.06106949
-144.80224729 -5.00000000 68.06106949
-141.67296410 0.00000000 74.35570753
-141.67296410 -5.00000000 74.35570753
-138.27021402 0.00000000 80.50681906
-138.27021402 -5.00000000 80.50681906
-134.60056525 0.00000000 86.50253079
-134.60056525 -5.00000000 86.50253079
-130.67110122 0.00000000 92.33126939
-130.67110122 -5.00000000 92.33126939
-126.48940683 0.00000000 97.98178382
-126.48940683 -5.00000000 97.98178382
-122.06355389 0.00000000 103.44316706
-122.06355389 -5.00000000 103.44316706
-117.40208548 0.00000000 108.70487719
-117.40208548 -5.00000000 108.70487719
-112.51399948 0.00000000 113.75675769
-112.51399948 -5.00000000 113.75675769
-107.40873123 0.00000000 118.58905707
-107.40873123 -5.00000000 118.58905707
-102.09613525 0.00000000 123.19244769
-102.09613525 -5.00000000 123.19244769
-96.58646628 0.00000000 127.55804377
-96.58646628 -5.00000000 127.55804377
-90.89035948 0.00000000 131.67741854
-90.89035948 -5.00000000 131.67741854
-85.01880985 0.00000000 135.54262050
-85.01880985 -5.00000000 135.54262050
-78.98315106 0.00000000 139.14618877
-78.98315106 -5.00000000 139.14618877
-72.79503356 0.00000000 142.48116749
-72.79503356 -5.00000000 142.48116749
-66.46640208 0.00000000 145.54111926
-66.46640208 -5.00000000 145.54111926
-60.00947258 0.00000000 148.32013754
-60.00947258 -5.00000000 148.32013754
-53.43670866 0.00000000 150.81285810
-53.43670866 -5.00000000 150.81285810
-46.76079754 0.00000000 153.01446930
-46.76079754 -5.00000000 153.01446930
-39.99462550 0.00000000 154.92072144
-39.99462550 -5.00000000 154.92072144
-33.15125309 0.00000000 156.52793495
-33.15125309 -5.00000000 156.52793495
-26.24388984 0.00000000 157.83300747
-26.24388984 -5.00000000 157.83300747
-19.28586884 0.00000000 158.83341986
-19.28586884 -5.00000000 158.83341986
-12.29062093 0.00000000 159.52724105
-12.29062093 -5.00000000 159.52724105
-5.27164881 0.00000000 159.91313179
-5.27164881 -5.00000000 159.91313179
1.75749901 0.00000000 159.99034720
1.75749901 -5.00000000 159.99034720
8.78325438 0.00000000 159.75873824
8.78325438 -5.00000000 159.75873824
15.79205571 0.00000000 159.21875196
15.79205571 -5.00000000 159.21875196
22.77037412 0.00000000 158.37143070
22.77037412 -5.00000000 158.37143070
29.70473960 0.00000000 157.21841001
29.70473960 -5.00000000 157.21841001
36.58176694 0.00000000 155.76191552
36.58176694 -5.00000000 155.76191552
43.38818164 0.00000000 154.00475867
43.38818164 -5.00000000 154.00475867
50.11084548 0.00000000 151.95033124
50.11084548 -5.00000000 151.95033124
56.73678193 0.00000000 149.60259883
56.73678193 -5.00000000 149.60259883
63.25320113 0.00000000 146.96609319
63.25320113 -5.00000000 146.96609319
69.64752465 0.00000000 144.04590348
69.64752465 -5.00000000 144.04590348
75.90740973 0.00000000 140.84766646
75.90740973 -5.00000000 140.84766646
82.02077311 0.00000000 137.37755559
82.02077311 -5.00000000 137.37755559
87.97581434 0.00000000 133.64226910
87.97581434 -5.00000000 133.64226910
93.76103861 0.00000000 129.64901711
93.76103861 -5.00000000 129.64901711
99.36527887 0.00000000 125.40550767
99.36527887 -5.00000000 125.40550767
104.77771743 0.00000000 120.91993190
104.77771743 -5.00000000 120.91993190
109.98790683 0.00000000 116.20094815
109.98790683 -5.00000000 116.20094815
114.98579001 0.00000000 111.25766533
114.98579001 -5.00000000 111.25766533
119.76171971 0.00000000 106.09962532
119.76171971 -5.00000000 106.09962532
124.30647709 0.00000000 100.73678451
124.30647709 -5.00000000 100.73678451
128.61128956 0.00000000 95.17949463
128.61128956 -5.00000000 95.17949463
132.66784767 0.00000000 89.43848273
132.66784767 -5.00000000 89.43848273
136.46832118 0.00000000 83.52483053
136.46832118 -5.00000000 83.52483053
140.00537414 0.00000000 77.44995295
140.00537414 -5.00000000 77.44995295
143.27217909 0.00000000 71.22557615
143.27217909 -5.00000000 71.22557615
146.26243023 0.00000000 64.86371483
146.26243023 -5.00000000 64.86371483
148.97035557 0.00000000 58.37664912
148.97035557 -5.00000000 58.37664912
151.39072807 0.00000000 51.77690077
151.39072807 -5.00000000 51.77690077
153.51887578 0.00000000 45.07720909
153.51887578 -5.00000000 45.07720909
155.35069079 0.00000000 38.29050629
155.35069079 -5.00000000 38.29050629
156.88263721 0.00000000 31.42989251
156.88263721 -5.00000000 31.42989251
158.11175797 0.00000000 24.50861059
158.11175797 -5.00000000 24.50861059
159.03568053 0.00000000 17.54002046
159.03568053 -5.00000000 17.54002046
159.65262149 0.00000000 10.53757338
159.65262149 -5.00000000 10.53757338
159.96138997 0.00000000 3.51478596
159.96138997 -5.00000000 3.51478596
