-0.99999843 -0.00177277 -0.00000179
-0.99863766 -0.05218070 -0.00000179
-0.99474423 -0.10239101 -0.00000178
-0.98834679 -0.15221902 -0.00000178
-0.97949149 -0.20148556 -0.00000178
-0.96824084 -0.25001934 -0.00000177
-0.95467222 -0.29765913 -0.00000177
-0.93887600 -0.34425550 -0.00000176
-0.92095361 -0.38967222 -0.00000175
-0.90101531 -0.43378728 -0.00000175
-0.87917804 -0.47649342 -0.00000174
-0.85556321 -0.51769836 -0.00000173
-0.83029469 -0.55732461 -0.00000172
-0.80349687 -0.59530898 -0.00000171
-0.77529293 -0.63160184 -0.00000170
-0.74580336 -0.66616616 -0.00000169
-0.71514473 -0.69897640 -0.00000168
-0.68342866 -0.73001730 -0.00000167
-0.65076102 -0.75928262 -0.00000166
-0.61724140 -0.78677383 -0.00000165
-0.58296274 -0.81249889 -0.00000164
-0.54801118 -0.83647101 -0.00000163
-0.51246599 -0.85870752 -0.00000162
-0.47639971 -0.87922882 -0.00000162
-0.43987836 -0.89805736 -0.00000161
-0.40296177 -0.91521681 -0.00000160
-0.36570390 -0.93073125 -0.00000160
-0.32815332 -0.94462448 -0.00000159
-0.29035364 -0.95691941 -0.00000158
-0.25234403 -0.96763758 -0.00000158
-0.21415969 -0.97679866 -0.00000158
-0.17583242 -0.98442011 -0.00000157
-0.13739110 -0.99051688 -0.00000157
-0.09886224 -0.99510113 -0.00000157
-0.06027050 -0.99818208 -0.00000157
-0.02163923 -0.99976584 -0.00000157
0.01700904 -0.99985534 -0.00000157
0.05565202 -0.99845023 -0.00000157
0.09426718 -0.99554693 -0.00000157
0.13283121 -0.99113867 -0.00000157
0.17131948 -0.98521553 -0.00000157
0.20970551 -0.97776459 -0.00000158
0.24796047 -0.96877015 -0.00000158
0.28605259 -0.95821392 -0.00000159
0.32394667 -0.94607534 -0.00000159
0.36160353 -0.93233196 -0.00000160
0.39897948 -0.91695986 -0.00000160
0.43602582 -0.89993415 -0.00000161
0.47268839 -0.88122964 -0.00000162
0.50890707 -0.86082147 -0.00000163
0.54461542 -0.83868590 -0.00000164
0.57974037 -0.81480127 -0.00000165
0.61420192 -0.78914891 -0.00000166
0.64791310 -0.76171426 -0.00000167
0.68077989 -0.73248805 -0.00000168
0.71270144 -0.70146750 -0.00000169
0.74357039 -0.66865767 -0.00000170
0.77327341 -0.63407273 -0.00000171
0.80169203 -0.59773730 -0.00000172
0.82870361 -0.55968770 -0.00000173
0.85418264 -0.51997310 -0.00000174
0.87800223 -0.47865653 -0.00000175
0.90003593 -0.43581569 -0.00000175
0.92015962 -0.39154344 -0.00000176
0.93825368 -0.34594802 -0.00000177
0.95420520 -0.29915288 -0.00000178
0.96791027 -0.25129608 -0.00000178
0.97927620 -0.20252931 -0.00000179
0.98822364 -0.15301645 -0.00000179
0.99468842 -0.10293176 -0.00000179
0.99862315 -0.05245764 -0.00000180
0.99999841 -0.00178219 -0.00000180
