-485734.73025619 -861.09512263 -0.86799100
-485734.73025619 -18166.11361675 -0.86799100
-479050.39708967 3058.39925329 6.15988459
-479050.39708967 -14246.61924083 6.15988459
-471443.84713492 6970.32794536 13.17419448
-471443.84713492 -10334.69054876 13.17419448
-462929.76308844 10867.13989280 20.16139919
-462929.76308844 -6437.87860132 20.16139919
-453524.57944668 14741.31318618 27.10801151
-453524.57944668 -2563.70530794 27.10801151
-443246.45069308 18585.36964584 34.00062264
-443246.45069308 1280.35115172 34.00062264
-432115.21642129 22391.88919404 40.82592796
-432115.21642129 5086.87069992 40.82592796
-420152.36286781 26153.52423820 47.57075282
-420152.36286781 8848.50574408 47.57075282
-407380.98157271 29863.01380319 54.22207788
-407380.98157271 12557.99530906 54.22207788
-393825.72475158 33513.19757994 60.76706430
-393825.72475158 16208.17908582 60.76706430
-379512.75769587 37097.02972875 67.19307849
-379512.75769587 19792.01123463 67.19307849
-364469.70822530 40607.59249844 73.48771653
-364469.70822530 23302.57400432 73.48771653
-348725.61355109 44038.10954996 79.63882806
-348725.61355109 26733.09105584 79.63882806
-332310.86393274 47381.95906813 85.63453979
-332310.86393274 30076.94057401 85.63453979
-315257.14430963 50632.68652750 91.46327839
-315257.14430963 33327.66803338 91.46327839
-297597.37288547 53784.01714595 97.11379282
-297597.37288547 36478.99865183 97.11379282
-279365.63782118 56829.86800370 102.57517606
-279365.63782118 39524.84950957 102.57517606
-260597.13123280 59764.35979971 107.83688619
-260597.13123280 42459.34130559 107.83688619
-241328.08136624 62581.82817319 112.88876669
-241328.08136624 45276.80967907 112.88876669
-221595.68273051 65276.83465134 117.72106607
-221595.68273051 47971.81615722 117.72106607
-201438.02410132 67844.17714541 122.32445669
-201438.02410132 50539.15865129 122.32445669
-180894.01518232 70278.89999501 126.69005277
-180894.01518232 52973.88150089 126.69005277
-160003.31148366 72576.30353276 130.80942754
-160003.31148366 55271.28503864 130.80942754
-138806.23762618 74731.95315262 134.67462950
-138806.23762618 57426.93465850 134.67462950
-117343.70966415 76741.68787069 138.27819777
-117343.70966415 59436.66937657 138.27819777
-95657.15606837 78601.62835618 141.61317649
-95657.15606837 61296.60986206 141.61317649
-73788.43771143 80308.18442701 144.67312826
-73788.43771143 63003.16593289 144.67312826
-51779.76710775 81858.06196533 147.45214654
-51779.76710775 64553.04347120 147.45214654
-29673.62685889 83248.26930331 149.94486710
-29673.62685889 65943.25080919 149.94486710
-7512.68783185 84476.12295636 152.14647830
-7512.68783185 67171.10446224 152.14647830
14660.27347491 85539.25283766 154.05273044
14660.27347491 68234.23434354 154.05273044
36802.45723578 86435.60682582 155.65994395
36802.45723578 69130.58833170 155.65994395
58871.12313431 87163.45471339 156.96501647
58871.12313431 69858.43621927 156.96501647
80823.67264664 87721.39155874 157.96542886
80823.67264664 70416.37306462 157.96542886
102617.73147963 88108.34039090 158.65925005
102617.73147963 70803.32189678 158.65925005
124211.23127818 88323.55430096 159.04514079
124211.23127818 71018.53580684 159.04514079
145562.49075549 88366.61786425 159.12235620
145562.49075549 71061.59937013 159.12235620
166630.29623135 88237.44796013 158.89074724
166630.29623135 70932.42946601 158.89074724
187373.98118197 87936.29391145 158.35076096
187373.98118197 70631.27541733 158.35076096
207753.50470970 87463.73703837 157.50343970
207753.50470970 70158.71854425 157.50343970
227729.52891070 86820.68949835 156.35041901
227729.52891070 69515.67100422 156.35041901
247263.49461741 86008.39254047 154.89392452
247263.49461741 68703.37404635 154.89392452
266317.69607202 85028.41412409 153.13676767
266317.69607202 67723.39562997 153.13676767
284855.35350903 83882.64586816 151.08234024
284855.35350903 66577.62737404 151.08234024
302840.68432446 82573.29941498 148.73460783
302840.68432446 65268.28092086 148.73460783
320238.97192589 81102.90215258 146.09810219
320238.97192589 63797.88365845 146.09810219
337016.63296984 79474.29234035 143.17791248
337016.63296984 62169.27384623 143.17791248
353141.28207821 77690.61363799 139.97967546
353141.28207821 60385.59514387 139.97967546
368581.79434905 75755.30902643 136.50956459
368581.79434905 58450.29053231 136.50956459
383308.36538182 73672.11415445 132.77427810
383308.36538182 56367.09566033 132.77427810
397292.56900886 71445.05015538 128.78102611
397292.56900886 54140.03166126 128.78102611
410507.41192188 69078.41586152 124.53751667
410507.41192188 51773.39736740 124.53751667
422927.38592767 66576.77951663 120.05194090
422927.38592767 49271.76102251 120.05194090
434528.51712681 63944.96994185 115.33295715
434528.51712681 46639.95144772 115.33295715
445288.41223855 61188.06723868 110.38967433
445288.41223855 43883.04874456 110.38967433
455186.30178054 58311.39297900 105.23163432
455186.30178054 41006.37448488 105.23163432
464203.08011724 55320.49990974 99.86879351
464203.08011724 38015.48141562 99.86879351
472321.34248829 52221.16126166 94.31150363
472321.34248829 34916.14276754 94.31150363
479525.41843885 49019.35958404 88.57049173
479525.41843885 31714.34108992 88.57049173
485801.40220985 45721.27522808 82.65683953
485801.40220985 28416.25673395 82.65683953
491137.17940534 42333.27437287 76.58196195
491137.17940534 25028.25587875 76.58196195
495522.45056187 38861.89677820 70.35758515
495522.45056187 21556.87828408 70.35758515
498948.75094470 35313.84312461 63.99572383
498948.75094470 18008.82463048 63.99572383
501409.46689290 31695.96212473 57.50865812
501409.46689290 14390.94363061 57.50865812
502899.84848716 28015.23724435 50.90890977
502899.84848716 10710.21875023 50.90890977
503417.01896867 24278.77328396 44.20921809
503417.01896867 6973.75478983 44.20921809
502959.98002411 20493.78262568 37.42251529
502959.98002411 3188.76413156 37.42251529
501529.61385944 16667.57130738 30.56190151
501529.61385944 -637.44718674 30.56190151
499128.68147090 12807.52495167 23.64061959
499128.68147090 -4497.49354245 23.64061959
495761.81727953 8921.09448305 16.67202946
495761.81727953 -8383.92401107 16.67202946
491435.52030241 5015.78176141 9.66958238
491435.52030241 -12289.23673271 9.66958238
486158.14140509 1099.12509276 2.64679496
486158.14140509 -16205.89340136 2.64679496
